#------------------------------------------#
# Urbanize by Junior_Djjr - MixMods.com.br #
#------------------------------------------#

# [x] [y] [z] [radius] [0: object, 1: place, 2: all]

EXCLUSION
1268.0 -812.0 87.0 150.0 0 # Madd Dogg
1336.0 -648.0 108.0 50.0 0 # SH LS hills
2460.0 -1705.0 14.0 20.0 0 # Ryder
322.0 -1755.0 4.0 15.0 0 # SH Santa Maria Beach
-380.0 -1438.0 25.0 30.0 0 # Helena house
-1096.0 -1641.0 76.0 200.0 0 # The Truth farm
-1437.0 -1524.0 103.0 200.0 0 # SH Wetstone
-363.0 1178.0 20.0 30.0 0 # SH Fort Carson
-679.0 944.0 13.0 100.0 0 # Toreno Ranch 
358.0 2522.0 18.0 300.0 0 # Verdant Meadows
875.0 -30.0 63.0 50.0 0 # Catalina house
-2048.0 157.0 32.0 40.0 0 # Doherty garage
1733.2 -1631.8 19.7 4.0 0 # Just Business cutscene
End

# [script name] [x] [y] [z] [radius] [optional args]

LS
GNBAR 2305.0 -1653.0 15.0 100.0
ALHAM 1837.0 -1688.0 15.0 130.0
LSPDP 1535.0 -1666.0 12.0 130.0
LSHSP 1180.0 -1328.0 13.0 120.0
GNBK1 2309.0 -1763.0 24.0 120.0
RAMDB 1842.0 -1510.0 16.0 1000.0
GYMSM 664.0 -1864.0 5.0 130.0
DCTBL 2489.132324 -1646.337769 13.184828 80.0
DCTBL 1835.728882 -2037.865234 12.669755 100.0
DCTBL 2049.604980 -1112.683838 24.546070 100.0
DCTBL 2290.707031 -1114.248291 37.087128 130.0
DCTBL 2799.959717 -2007.773438 12.630204 100.0
SMPR1 370.0 -1933.0 9.0 150.0
LSHS2 2022.0 -1429.0 13.0 110.0
LSFST 1751.0 -1455.0 13.0 130.0
GROVE 2467.0 -1665.0 14.0 100.0
SMBCW 245.1 -1850.5 7.0 170.0
SMBCE 530.0 -1893.0 7.0 170.0
GLNPS 1913.0 -1370.0 13.0 130.0
GLNPN 1971.0 -1200.0 24.0 130.0
VERST 1020.6 -1901.1 12.6 130.0
GANT1 2334.0 -1695.9 15.2 140.0
BEGGN 2609.8 -1614.1 3.2 140.0
AIRPL 1682.7 -2286.6 14.6 150.0
LSCEM 911.3 -1103.1 28.5 100.0
ROBOI 1351.7 -886.6 45.5 120.0
LSCT1 1883.8 -1360.8 21.8 140.0
IDLGS 1949.2 -1813.4 14.4 140.0
LASC1 2141.7 -1033.2 50.2 160.0
LSDNT 1009.4 -1334.2 14.1 160.0
SMPR2 377.0 -2030.0 9.0 160.0
PERSH 1483.0 -1665.0 16.0 160.0
ELCOR 1889.0 -2055.0 14.0 180.0
AIRPP 1824.0 -2294.0 20.0 200.0
AIRPP 1685.0 -2431.0 20.0 200.0
BEGWF 2555.6 -2015.1 9.6 160.0
ELBAR 2336.6 -1410.6 24.1 160.0
LSOBS 1152.0 -2034.0 66.1 150.0
PORT1 2654.0 -2087.6 19.9 160.0
PORT2 2485.8 -2090.0 15.5 160.0
PORT3 2673.3 -2215.2 14.4 160.0
PORT4 2363.1 -2283.2 14.2 160.0
PORT5 2225.6 -2585.2 14.3 160.0
PORT6 2484.4 -2448.7 16.8 160.0
PORT7 2428.5 -2587.5 14.0 160.0
PORT8 2731.6 -2451.0 13.5 160.0
SMVND 384.4 -1782.0 12.0 120.0
HOBOS 902.3 -972.6 36.0 150.0
End

SF
SFPDP -1614.0 713.0 13.0 130.0
SFHSP -2711.0 589.0 14.0 130.0
SFFST -2057.3 64.0 29.0 100.0
AIRPS -1501.6 -386.2 18.0 180.0
SFDPL -1966.7 884.9 43.8 130.0
OCENP -2652.3 -22.8 6.2 140.0
SFCHR -1957.0 1119.6 53.5 160.0
SFCT1 -2016.6 329.7 34.0 180.0
SFTRS -2530.8 1223.2 41.7 140.0
SFMKT -2404.8 722.7 38.0 140.0
MISHL -2398.0 -594.0 129.0 180.0
GARC1 -2221.0 43.0 38.0 120.0
OCFTP -2906.7 478.4 5.4 160.0
PIE69 -1657.0 1386.4 7.1 160.0
ISL69 -1504.1 1375.7 3.6 160.0
End

LV
LVPDP 2324.0 2458.0 10.0 130.0
LVHSP 1658.0 1784.0 10.0 120.0
LVFST 1763.5 2075.5 11.0 130.0
VROCK 2635.9 2387.4 15.0 130.0
ROCAE 2347.9 2310.3 11.5 180.0
PIMPF 2027.2 1582.1 11.1 180.0
TPSWA 2033.0 1178.6 12.0 180.0
AIRPV 1715.1 1449.8 12.0 160.0
LVCT1 2656.9 839.1 10.5 160.0
LVCT2 2486.5 1883.5 16.4 160.0
KACC1 2618.9 2704.2 12.3 180.0
BLKFC 1542.0 743.0 13.0 160.0
LVSCH 1173.0 1353.0 10.0 130.0
RANPI 1638.0 601.0 15.0 180.0
ROKPI 2298.9 568.0 10.0 180.0
PMDLV 2100.1 1285.4 15.1 160.0
VISAG 2118.3 1903.8 12.6 160.0
End

CS
MCHTP -2236.0 -1711.0 480.0 150.0
FLNTR -74.0 -1580.0 2.0 100.0
APHSP -2197.0 -2281.0 31.0 130.0
APPDP -2173.0 -2389.0 31.0 130.0
DLPDP 638.0 -569.0 16.0 130.0
MGHSP 1230.0 322.0 20.0 130.0
DLBAR 679.0 -474.0 16.0 130.0
APTRP -2064.0 -2529.3 31.4 100.0
APBAI -2074.0 -2457.6 34.5 130.0
FLNGS -101.8 -1168.9 2.7 160.0
WHTGS -1602.6 -2730.8 50.4 180.0
APNGS -2253.6 -2560.4 45.0 160.0
MGOGS 1382.7 448.7 21.0 160.0
PANO1 -732.0 -116.9 70.8 120.0
PANO2 -513.5 -126.3 74.9 150.0
PACEM 2246.1 -57.2 31.1 140.0
HLTOP 1026.2 -338.2 79.6 160.0
BCNHL -341.9 -1074.3 59.4 170.0
BOBBK -805.0 -2656.0 90.0 160.0
PALO1 2229.6 -68.3 25.6 160.0
EBTRP -930.0 -511.0 26.0 160.0
CSTLS -285.0 -2191.0 30.0 160.0
BAR69 16.0 -2651.0 40.0 160.0
FLEI1 69.0 -216.0 3.0 160.0
FLNR1 -601.2 -1473.9 14.7 160.0
FLNFN -330.7 -929.4 50.1 160.0
HLTPC 737.5 -269.6 10.1 160.0
RCRST 1551.9 26.3 24.0 160.0 
PALOF 1914.9 165.2 37.1 160.0
EBFRM -81.6 -22.8 4.6 180.0
TFARM -1100.0 -1140.0 140.0 250.0 
FLWHS -369.4 -449.1 18.9 160.0 
FLBEC -37.0 -1120.0 9.0 150.0
End

DE
DEAMM 795.0 1668.0 5.0 150.0
DEAMM -319.0 817.0 14.0 150.0
FCPDP -221.0 992.2 19.0 130.0
EQPDP -1400.0 2634.0 55.0 130.0
FCHSP -304.0 1054.0 20.0 130.0
EQHSP -1512.0 2529.0 56.0 130.0
ARA69 182.0 1871.0 25.0 500.0
LPBAR -82.0 1374.0 12.0 130.0
LPTRP -21.0 1349.0 10.0 100.0
EQNOR -1499.6 2677.6 58.6 100.0
BGEAR -329.9 1553.6 84.8 130.0
PAYA1 -203.5 2692.1 63.8 160.0
DEDNT -146.5 1206.1 20.0 160.0
EQBGS -1296.2 2677.1 51.8 160.0
BAYS1 -2434.0 2217.9 3.7 170.0
BAYV2 -2485.4 2377.4 12.7 150.0
FORT1 -302.0 1132.0 21.0 160.0
BAYSS -2253.0 2379.0 6.0 160.0
FTCF1 310.7 1090.1 15.4 160.0
FTCF2 563.0 1136.6 16.5 160.0
BCRHT -317.3 1291.8 43.1 160.0
GCRST -215.2 2634.1 64.3 160.0
VORCH -917.3 2679.8 42.2 160.0
OILF1 609.1 1399.0 11.1 180.0
OILF2 439.2 1337.2 10.4 180.0
OILF3 446.1 1500.7 10.0 180.0
TIRHS -1425.6 2172.0 50.2 160.0
End

SA
QUEU1 1131.0 -1133.0 24.0 120.0 0
QUEU1 1321.0 -1704.0 13.0 120.0 1
QUEU1 2462.0 -1499.0 23.0 120.0 2
QUEU1 -2625.0 150.0 4.0 120.0 3
HUNTR -711.0 -2610.0 73.0 120.0
HUNTR -992.0 -2419.0 73.0 120.0
HUNTR -636.0 -2102.0 29.0 120.0
HUNTR -440.0 -1685.0 11.0 120.0
SWEEL -628.1 -2256.1 24.2 80.0
SWEEL -1008.4 -1145.5 129.2 80.0
SWEEL 219.9 -226.0 1.7 60.0
SWEEL 2353.4 -646.5 128.0 80.0
SWEEL 1264.0 335.0 23.5 100.0
SWEEL -2659.7 1531.0 55.0 80.0
SWEEL -1290.9 -2139.6 23.4 250.0
SWEEL -803.9 -774.4 155.5 250.0
SWEEL -24.8 -36.3 3.5 200.0
SWEEL 1082.8 1074.3 10.2 250.0
SWEEL -435.1 1748.8 72.0 250.0
SWEEL -606.3 2348.9 116.3 250.0
SWEEL 301.8 2046.6 88.0 250.0
DPGRG 1565.0 -1629.0 13.0 120.0
DPGRG -1605.0 668.0 5.0 120.0
DPGRG 2277.0 2458.0 0.0 120.0
VUNLD 2445.4 -1768.0 13.3 100.0 180.0
VUNLD 2445.719 -1892.672 13.726 130.0 0.5
VUNLD 2398.124 -2014.727 13.727 130.0 269.1
VUNLD 2117.878 -1871.005 13.720 130.0 74.0
VUNLD 1912.439 -1860.820 13.735 130.0 88.3
VUNLD 1626.992 -1551.372 13.836 130.0 270.0
VUNLD 1637.846 -1900.536 13.726 130.0 269.6
VUNLD 1391.969 -1647.681 13.549 130.0 268.6
VUNLD 2445.588 -2112.404 13.722 130.0 0.9
VUNLD 2184.553 -2296.191 13.720 130.0 46.1
VUNLD 2270.622 -2341.760 13.721 130.0 317.6
VUNLD 2415.279 -2510.147 13.826 130.0 89.5
VUNLD 2503.423 -2625.143 13.822 130.0 91.0
VUNLD 2651.079 -2388.185 13.806 130.0 269.7
VUNLD 2519.982 -2433.730 13.793 130.0 225.5
VUNLD 2578.370 -2440.221 13.805 130.0 315.6
VUNLD 2205.415 -2530.557 13.720 130.0 272.2
VUNLD 1853.267 -1795.289 13.721 130.0 90.0
VUNLD 1382.430 -1895.283 13.660 130.0 88.9
VUNLD 957.541 -1458.491 13.675 130.0 179.7
VUNLD 1023.995 -1367.933 13.735 130.0 90.2
VUNLD 858.616 -1283.141 14.235 130.0 273.3
VUNLD 989.581 -1104.834 24.002 130.0 89.6
VUNLD 1133.401 -868.143 43.365 130.0 269.8
VUNLD 1803.515 -1431.621 13.595 130.0 90.2
VUNLD 2019.290 -1097.220 24.852 130.0 249.5
VUNLD 2382.162 -1476.910 24.046 130.0 269.6
VUNLD 2207.203 -1323.472 24.158 130.0 358.8
VUNLD 2420.976 -2218.504 13.720 130.0 313.9
VUNLD 2003.995 -2094.098 13.721 130.0 269.7
VUNLD 1744.095 -2063.337 13.778 130.0 180.0
VUNLD 361.335 -1325.716 14.733 130.0 211.0
VUNLD 2332.778 -2073.029 13.722 130.0 88.8
VUNLD -1949.3608 -1078.5784 31.1666 130.0 0.0
VUNLD -2272.8525 3.6108 35.7132 130.0 270.0
VUNLD -2718.5906 82.2845 4.5603 130.0 270.0
VUNLD -2757.1337 237.4833 7.5306 130.0 180.0
VUNLD -2542.0646 -36.9223 16.8921 130.0 180.0
VUNLD -2689.1707 1404.415 7.4945 130.0 168.5
VUNLD -2192.5463 191.319 35.7133 130.0 0.0
VUNLD -2213.5 422.3 35.5651 130.0 0.0
VUNLD -2436.0774 955.0883 45.69 130.0 270.0
VUNLD -2466.8586 779.9647 35.5649 130.0 90.0
VUNLD -2504.3599 762.7557 35.5653 130.0 270.0
VUNLD -1868.5685 1412.0554 7.5797 130.0 223.5
VUNLD -1830.5803 -11.7864 15.5102 130.0 270.0
VUNLD -1725.3215 -127.0147 3.9436 130.0 134.8
VUNLD -1863.2993 -217.7272 18.7682 130.0 270.0
VUNLD -2671.7446 236.6061 4.7297 130.0 90.0
VUNLD -2505.7739 2357.1199 5.3782 130.0 180.0
VUNLD 2256.8474 2763.884 10.8203 130.0 90.0
VUNLD 2299.893 2747.726 10.994 130.0 270.0
VUNLD 2351.380 2754.601 10.994 130.0 270.0
VUNLD 2363.683 2570.106 10.993 130.0 270.2
VUNLD 2128.883 2511.726 10.994 130.0 193.8
VUNLD 1959.302 2145.952 10.994 130.0 91.1
VUNLD 1743.774 2235.423 10.994 130.0 90.6
VUNLD 1685.699 2358.891 10.986 130.0 270.4
VUNLD 2821.927 2605.220 10.994 130.0 45.6
VUNLD 2540.204 1926.054 10.996 130.0 89.6
VUNLD 2609.568 1429.820 10.994 130.0 179.1
VUNLD 2443.700 1158.276 10.994 130.0 89.3
VUNLD 2494.635 1208.133 10.994 130.0 179.4
VUNLD 1891.296 1173.664 10.997 130.0 180.3
VUNLD 2025.024 2041.469 10.994 130.0 269.9
VUNLD 1843.770 2087.769 10.994 130.0 180.3
VUNLD 1743.082 1863.097 10.990 130.0 0.7
VUNLD 1022.880 2271.313 10.993 130.0 179.1
VUNLD 975.373 2169.559 10.994 130.0 268.9
VUNLD 1103.383 1926.222 10.994 130.0 90.1
VUNLD 1136.881 1920.138 10.994 130.0 269.6
VUNLD 953.491 1659.149 8.827 130.0 269.9
VUNLD 1663.545 715.887 10.993 130.0 358.7
VUNLD 1405.936 977.536 10.990 130.0 0.3
VUNLD 1371.931 1161.574 10.995 130.0 359.5
VUNLD 1450.851 2349.629 10.994 130.0 270.6
VUNLD 2833.207 899.934 10.931 130.0 0.7
SWEEL 922.9 189.3 45.0 180.0
GASST -101.9 -1174.3 2.5 160.0 0
GASST 1939.6 -1758.1 13.0 130.0 1
GASST 649.0 -561.0 16.0 130.0 2
GASST 1379.8 457.2 19.9 130.0 3
GASST -1600.2 -2724.0 48.6 180.0 4
GASST -2405.2 975.9 45.3 180.0 5
GASST -1473.6 1864.2 32.6 160.0 6
GASST -1331.3 2677.9 50.0 160.0 7
GASST 602.1 1693.2 6.9 160.0 8
GASST 2151.7 2747.5 10.8 130.0 9
GASST 1591.9 2200.0 10.8 130.0 10
GASST 2119.7 910.3 10.8 130.0 11
GASST 2634.9 1116.3 10.8 130.0 12
GASST -2245.7 -2563.8 31.9 130.0 13
BASKT 2302.2 -1527.9 26.8 150.0 0
BASKT 2780.9 -2013.7 14.0 150.0 1
BASKT 2505.3 1283.6 11.2 150.0 2
BASKT 2582.8 2449.0 12.8 150.0 3
CAREP 2390.26 -1716.4274 13.5601 130.0 0.0
CAREP 2015.8176 -1707.8165 13.5469 130.0 270.0
CAREP 1879.6323 -2023.381 13.2697 130.0 0.0
CAREP 1724.6715 -2096.7864 13.4364 130.0 0.0
CAREP 2344.5769 -1906.7819 13.5571 130.0 0.0
CAREP 2498.2097 -2025.6791 13.5469 130.0 180.0
CAREP 2645.272 -1990.0002 13.5537 130.0 0.0
CAREP 2503.7329 -1025.9496 70.0859 130.0 0.0
CAREP 2148.2112 -1237.2852 24.3809 130.0 180.0
CAREP 1218.2328 -1112.569 24.6283 130.0 270.0
CAREP 981.5126 -1523.8298 13.5565 130.0 90.0
CAREP 291.6901 -1172.7006 80.9099 130.0 227.0
CAREP 134.8041 -1490.4214 18.7554 130.0 61.0
CAREP 479.748 -1089.5427 82.4461 130.0 180.0
CAREP -95.7175 -1581.9667 2.6172 130.0 120.0
CAREP -83.6718 -1188.99 1.75 130.0 250.0
CAREP -270.1373 -2195.2644 28.7698 130.0 295.0
CAREP -22.5428 -2524.6885 36.6361 130.0 210.0
CAREP -843.6513 -2797.1941 71.1944 130.0 116.0
CAREP -1625.4927 -2695.4998 48.5391 130.0 48.0
CAREP -2237.0483 -2476.979 31.1678 130.0 322.0
CAREP -2124.6069 -2503.9863 30.6172 130.0 51.0
CAREP -1907.0685 -1703.6516 21.75 130.0 189.0
CAREP -2069.4309 -1148.7554 31.506 130.0 28.0
CAREP -2227.0498 305.7573 35.1172 130.0 180.0
CAREP -2506.113 375.2474 35.1171 130.0 239.0
CAREP -2414.4075 531.7177 29.9297 130.0 245.0
CAREP -2874.0112 726.6274 29.3236 130.0 100.0
CAREP -2494.9092 1216.9055 37.4219 130.0 142.0
CAREP -2439.6655 1041.5485 50.3966 130.0 270.0
CAREP -1655.3567 1315.1794 7.0391 130.0 135.0
CAREP -2575.2119 931.421 64.9844 130.0 0.0
CAREP -2637.5549 791.9346 49.9844 130.0 0.0
CAREP -2645.303 721.5246 27.9546 130.0 0.0
CAREP -2526.6758 2254.124 4.9653 130.0 335.0
CAREP -1476.0692 2691.7429 55.7234 130.0 180.0
CAREP -1311.3661 2702.2976 50.0625 130.0 185.0
CAREP -1108.8926 2115.5403 87.1991 130.0 95.0
CAREP -901.4805 1548.8213 25.9141 130.0 268.0
CAREP -742.8842 1445.4894 16.4693 130.0 91.0
CAREP -237.1076 2804.6824 61.5703 130.0 180.0
CAREP -319.1893 2676.2253 62.6326 130.0 182.0
CAREP 653.1881 1698.5544 6.9922 130.0 131.0
CAREP 506.2013 1112.4338 14.8188 130.0 0.0
CAREP -72.8693 970.006 19.7847 130.0 0.0
CAREP 888.6216 2040.2251 11.461 130.0 90.0
CAREP 991.5284 1938.3517 11.3078 130.0 270.0
CAREP 949.0414 2274.8357 11.4643 130.0 0.0
CAREP 1801.5934 2595.1819 10.8203 130.0 0.0
CAREP 2200.988 2528.8821 10.813 130.0 180.0
CAREP 1959.2205 2173.5093 10.8203 130.0 180.0
CAREP 2267.8716 2336.5535 10.8203 130.0 270.0
CAREP 1463.9862 2362.5674 10.8203 130.0 0.0
CAREP 2815.0415 2375.7344 10.8203 130.0 90.0
CAREP 2672.0825 1994.3243 10.8281 130.0 90.0
CAREP 2623.8601 2206.7517 10.8203 130.0 0.0
CAREP 2398.8904 1667.3783 10.8203 130.0 0.0
CAREP 2130.6191 889.434 10.813 130.0 0.0
CAREP 1916.433 697.572 10.8203 130.0 180.0
CAREP 2309.5833 694.4745 11.4609 130.0 0.0
CAREP 2076.2908 689.0966 11.2591 130.0 180.0
CAREP 1091.9014 1207.9735 10.8203 130.0 270.0
CAREP 2494.3845 129.9781 27.0267 130.0 180.0
CAREP 2358.407 -60.4416 27.4688 130.0 0.0
CAREP 1200.9742 168.8346 20.498 130.0 336.0
CAREP 1436.2654 383.1254 18.9188 130.0 338.0
CAREP 742.5496 381.1908 23.1719 130.0 280.0
CAREP 771.8109 -549.2895 17.0528 130.0 0.0
CAREP 749.1521 -582.0464 17.2333 130.0 87.0
CAREP 116.8752 -672.2314 6.3719 130.0 81.0
CAREP 250.2032 13.4919 2.4882 130.0 6.0
CAREP 363.1149 -80.3639 1.3828 130.0 180.0
CAREP 933.9677 -169.1874 10.9102 130.0 84.0
CAREP -561.5353 -1036.1633 24.0556 130.0 234.0
CAREP -1112.4513 -1329.7028 128.7071 130.0 83.0
CAREP -1343.0806 -2169.9058 20.9748 130.0 258.0
CAREP -1269.6899 -2644.5027 6.9708 130.0 273.0
CAREP -140.8311 737.2375 21.7674 130.0 290.0
CAREP -454.665 1480.1927 35.0102 130.0 185.0
CAREP -376.721 2469.083 39.804 130.0 311.0
CAREP 585.0619 2094.8108 38.1694 130.0 194.0
CAREP 287.5369 -54.411 1.5781 130.0 181.0
CAREP -49.6533 178.3821 2.4297 130.0 242.0
CAREP 2183.0 -1434.0 25.0 130.0 271.0
CAREP 2325.0 -1052.0 52.0 130.0 4.0
CAREP 495.0 -406.0 27.0 130.0 81.0
CAREP -1101.0 -2172.0 34.0 130.0 339.0
CAREP 362.0 1421.0 6.0 130.0 341.0
CAREP -439.0 1521.0 34.0 130.0 335.0
CAREP 337.1099 -861.796 12.0115 150.0 335.0
CAREP 997.785 447.9894 20.2343 150.0 150.0
CAREP 695.9226 226.3117 26.4775 150.0 76.0
CAREP 1399.5084 -315.4514 3.0978 150.0 105.0
CAREP 1680.7036 -106.6958 35.5465 150.0 4.0
CAREP 1873.3508 55.7551 35.5488 150.0 74.0
CAREP 1984.1244 321.2213 34.0103 150.0 95.0
CAREP -889.3627 -15.518 33.64 150.0 152.0
CAREP -362.708 -2089.1448 28.5939 150.0 190.0
CAREP -304.1215 -2837.929 41.9857 150.0 258.0
CAREP -2752.9805 -2040.4966 37.9369 150.0 243.0
CAREP -814.3922 -1805.0001 92.1591 150.0 317.0
CAREP -770.6218 -1462.8395 88.4837 150.0 180.0
CAREP -1363.8907 -2188.2876 22.7165 150.0 259.0
CAREP 120.8858 713.2813 6.0733 150.0 120.0
CAREP -887.855 813.6278 19.9109 150.0 200.0
CAREP -1224.951 1730.5367 18.1807 150.0 48.0
CAREP -843.8915 1831.3794 60.174 150.0 348.0
CAREP -445.1655 2025.5709 60.9204 150.0 315.0
CAREP 17.3581 2291.5566 23.8523 150.0 276.0
CAREP 608.2119 2724.3564 59.4816 150.0 80.0
CAREP 818.2615 1275.8894 25.9637 150.0 32.0
CAREP 2385.3044 2604.5093 6.8437 150.0 268.0
CAREP 2544.8545 844.6606 6.8504 150.0 292.0
CAREP 1778.8989 1750.4175 6.8518 150.0 180.0
CAREP 1713.244 -977.6995 37.6831 150.0 83.0
CAREP -2197.271 -534.8932 47.6415 150.0 178.0
CAREP -2562.0042 -474.8928 68.5722 150.0 275.0
CAREP -1758.5432 -1110.3741 55.3543 150.0 22.0 
RTAXI 2721.970703 -1663.162842 13.242150 120.0 356.837036 
RTAXI 2869.583984 -1443.478760 10.969358 120.0 265.969696 
RTAXI 2453.247803 -1937.979858 13.539130 120.0 4.031669 
RTAXI 1709.146973 -1261.620605 13.546850 120.0 274.051971 
RTAXI 1460.319946 -1388.015259 13.546850 120.0 89.752594 
RTAXI 1470.511353 -1028.274902 23.828112 120.0 177.659714 
RTAXI 1209.031860 -929.574707 42.923164 120.0 189.659851 
RTAXI 250.411469 -1445.696289 13.629792 120.0 38.505360 
RTAXI 546.5751 -1509.9218 14.632 120.0 99.735710 
RTAXI 1291.864014 -1649.301392 13.546925 120.0 273.519348 
RTAXI 1563.653931 -1775.136230 13.546863 120.0 273.519348 
RTAXI 995.531250 -1566.667114 13.639744 120.0 192.644363 
RTAXI 803.147705 -1355.422119 13.546900 120.0 95.490318 
RTAXI 898.044250 -1135.247925 23.828125 120.0 188.280518 
RTAXI 903.333252 -1792.735474 13.575478 120.0 1.126566 
RTAXI 1678.516968 -2200.395508 13.546875 120.0 1.126566 
RTAXI 1697.779541 -2372.598877 13.546875 120.0 187.104797 
RTAXI 1632.138794 -2324.808350 13.546875 120.0 14.125042 
RTAXI 1121.827515 -1389.730713 13.654749 120.0 185.772629 
RTAXI 415.734711 -1766.954712 5.495209 120.0 185.772629 
RTAXI 364.665436 -1822.809082 7.835925 120.0 276.807922 
RTAXI 993.496765 -1226.318237 16.929718 120.0 0.000000 
RTAXI 1127.835693 -1155.060791 23.828125 120.0 0.000000 
RTAXI 1611.076538 -1166.466309 24.078138 120.0 0.000000 
RTAXI 2125.161133 -1215.402344 23.968634 120.0 186.390152 
RTAXI 1691.760864 -1446.486816 13.546863 120.0 5.246415 
RTAXI 1238.221558 -1857.724365 13.546874 120.0 5.246415 
RTAXI 1683.988647 -1642.314941 13.539129 120.0 270.186890 
RTAXI 858.500732 -1600.636475 13.546838 120.0 40.040668 
RTAXI 621.795105 -1465.405273 14.502172 120.0 278.159943 
RTAXI 278.183655 -1740.471802 4.211136 120.0 351.520599 
RTAXI -1994.161865 -793.548767 32.171875 120.0 280.184052 
RTAXI -2029.606079 -1010.834412 32.17187 120.0 10.768069 
RTAXI -2087.366943 -299.142456 35.559174 120.0 10.768069 
RTAXI -2200.047607 326.067322 35.320313 120.0 195.072876 
RTAXI -2258.413086 112.512299 35.320313 120.0 277.192200 
RTAXI -2161.329834 -28.207741 35.320313 120.0 102.983894 
RTAXI -2152.218018 400.283417 35.260185 120.0 281.292938 
RTAXI -1829.032349 614.260925 35.171852 120.0 186.895523 
RTAXI -1705.889404 774.300964 24.890625 120.0 102.625694 
RTAXI -1907.359497 884.122253 35.171925 120.0 287.386963 
RTAXI -1847.404297 1095.092041 45.445324 120.0 8.275301 
RTAXI -1756.363159 857.957397 24.882837 120.0 189.980530 
RTAXI -1965.383301 723.326416 45.445324 120.0 5.447611 
RTAXI -2252.715576 513.952087 35.171875 120.0 195.000961 
RTAXI -2247.743164 771.224365 49.445313 120.0 99.321068 
RTAXI -1722.283203 694.171509 24.890625 120.0 277.699615 
RTAXI -1612.192505 1078.580322 7.187500 120.0 277.699615 
RTAXI -1866.821777 1324.854614 7.187500 120.0 45.189754 
RTAXI -2409.669189 1385.235352 7.187500 120.0 180.940521 
RTAXI -2687.066162 557.687561 14.713351 120.0 7.254450 
RTAXI -2667.951660 376.789276 4.367192 120.0 271.498901 
RTAXI -2701.237549 254.589432 4.328123 120.0 96.555969 
RTAXI -2609.009521 4.058912 4.320331 120.0 279.698181 
RTAXI -2415.747559 -143.715073 35.320324 120.0 95.803940 
RTAXI -2366.411621 -12.465162 35.312500 120.0 95.803940 
RTAXI -2581.193359 702.821228 27.960938 120.0 7.116008 
RTAXI -2711.430664 109.396820 4.335942 120.0 272.223572 
RTAXI -2803.685547 -116.011398 7.187502 120.0 95.624611 
RTAXI -2378.740479 913.209106 45.445313 120.0 94.635315 
RTAXI -2426.012207 159.830566 35.171902 120.0 263.824585 
RTAXI -2702.679443 -215.813370 4.335942 120.0 8.630681 
RTAXI -2782.572021 -334.177246 7.187500 120.0 357.628784 
RTAXI -2194.730713 213.941635 35.320324 120.0 190.321243 
RTAXI -2038.654663 557.736206 35.171875 120.0 14.261378 
RTAXI -1586.008667 -463.259003 6.148438 120.0 233.147568 
RTAXI -1398.064087 -324.834167 14.148437 120.0 115.396187 
RTAXI -2673.387451 -64.942459 4.335940 120.0 185.229477 
RTAXI 2202.563965 2016.471069 10.834880 120.0 0.000000 
RTAXI 2237.795166 2155.395752 10.820313 120.0 190.988281 
RTAXI 2056.315430 2288.791260 10.820313 120.0 194.810547 
RTAXI 2169.711426 2351.707764 10.820313 120.0 189.934555 
RTAXI 2380.807129 2407.691650 10.820313 120.0 5.516821 
RTAXI 2521.781982 2301.684082 10.820313 120.0 267.703522 
RTAXI 2467.188965 2058.779785 10.820313 120.0 185.939301 
RTAXI 2513.025391 1898.761353 10.820313 120.0 91.722610 
RTAXI 2552.882324 1669.992310 10.820313 120.0 95.430740 
RTAXI 2421.863037 1439.801392 10.820313 120.0 278.265930 
RTAXI 2421.667969 1145.263184 10.820313 120.0 278.265930 
RTAXI 1941.954956 1361.865234 9.257813 120.0 263.686615 
RTAXI 2232.971436 1277.367798 10.820313 120.0 91.642639 
RTAXI 2553.005371 1425.597778 10.820313 120.0 91.642639 
RTAXI 2032.9623 1927.8557 12.1449 120.0 255.359543 
RTAXI 2172.241211 1116.746460 12.682873 120.0 65.335785 
RTAXI 2601.856201 1153.112549 10.820313 120.0 285.813507 
RTAXI 2241.712646 1465.095093 10.820313 120.0 270.940186 
RTAXI 1724.060059 1502.238037 10.812820 120.0 260.179626 
RTAXI 1720.672119 1489.822388 10.820313 120.0 250.192322 
RTAXI 2581.992920 1958.920044 10.820313 120.0 191.172150 
RTAXI 2293.036621 2307.602539 10.820313 120.0 85.534546 
RTAXI 1443.175659 2667.882080 10.820313 120.0 357.766235 
RTAXI 1439.518311 2610.369141 10.820313 120.0 188.763748 
RTAXI 1012.958191 1397.533203 10.820313 120.0 98.916298 
RTAXI 1001.701843 1735.702026 10.921875 120.0 276.061523 
RTAXI 1350.729370 2058.819824 10.820313 120.0 190.311264 
RTAXI 1857.510132 2167.593506 10.820313 120.0 10.032186 
RTAXI 1748.117920 2058.826660 10.904699 120.0 178.862457 
RTAXI 1652.902588 1742.321167 10.828112 120.0 90.513130 
RTAXI -2166.335938 -2445.510010 30.61725 120.0 50.308159 
RTAXI 214.045502 -206.315521 1.578125 120.0 191.040192 
RTAXI 1360.533569 272.089996 19.554726 120.0 58.150909 
RTAXI 2338.445068 39.595154 26.484337 120.0 279.281464 
RTAXI -184.836197 1118.011597 19.742212 120.0 96.095680 
RTAXI -2518.470947 2336.607910 4.984339 120.0 199.492188 
RTAXI -2527.036865 2280.392578 4.984375 120.0 157.498489 
RTAXI 586.952454 -1577.077026 16.179737 120.0 190.215210 
RTAXI 421.283325 -1440.828125 31.440714 120.0 130.564468 
RTAXI 684.119995 -1314.033569 13.711500 120.0 189.062683 
RTAXI 1224.013062 -1135.367432 23.906361 120.0 193.502594 
RTAXI 1337.257935 -1311.127197 13.546874 120.0 278.599121 
RTAXI 1299.226563 -1389.951782 13.492538 120.0 191.588562 
RTAXI 1201.760132 -1524.427124 13.537109 120.0 81.070015 
RTAXI 1116.710205 -1706.559082 13.546838 120.0 183.071106 
RTAXI 1600.256348 -1877.885986 13.539083 120.0 8.014179 
RTAXI 1861.415283 -1099.212158 23.828163 120.0 272.814758 
RTAXI 1816.191895 -1665.854370 13.546925 120.0 276.377289 
RTAXI 1437.850220 -1510.912720 13.541008 120.0 265.814636 
RTAXI 1297.439209 -2062.300049 58.587734 120.0 357.830994 
RTAXI -2221.233398 -75.874390 35.320313 120.0 0.000000 
RTAXI -2152.081299 258.419952 35.320313 120.0 274.007019 
RTAXI -2426.699219 -5.580872 35.320324 120.0 279.984406 
RTAXI -2495.862793 -8.603642 25.765587 120.0 97.695198 
RTAXI -2601.131592 512.518127 14.609412 120.0 101.094498 
RTAXI -2265.639160 -146.089859 35.320313 120.0 278.165375 
RTAXI -2336.247559 -184.819962 35.320313 120.0 189.241959 
RTAXI -2246.403564 274.689728 35.320313 120.0 95.660919 
RTAXI -1952.805908 597.954468 35.171925 120.0 4.840629 
RTAXI -1531.889648 797.376282 7.187500 120.0 85.376320 
RTAXI -1721.646729 1346.250000 7.187500 120.0 128.330811 
RTAXI -2176.338867 1340.752075 7.187500 120.0 186.218674 
RTAXI -2852.065674 1243.715088 5.608795 120.0 227.001144 
RTAXI -2802.747314 890.844971 44.054737 120.0 93.535904 
RTAXI -2859.211914 430.073730 4.500000 120.0 268.212402 
RTAXI -2442.265381 713.765259 35.171875 120.0 188.952606 
RTAXI -2394.681396 768.684692 35.171875 120.0 283.557953 
RTAXI -2274.569092 883.372803 66.648438 120.0 283.557953 
RTAXI -2152.064453 630.656006 52.367226 120.0 283.557953 
RTAXI -2184.734131 573.882690 35.171875 120.0 187.741928 
RTAXI -2334.507324 402.372711 35.164043 120.0 238.166412 
RTAXI -2410.216309 259.315582 35.171925 120.0 85.857605 
RTAXI -1755.244507 1196.457520 25.119370 120.0 190.319916 
RTAXI -2060.880859 1085.068604 55.718750 120.0 180.687347 
RTAXI -1996.124023 876.726685 45.445301 120.0 99.376213 
RTAXI 1101.065796 1198.632080 10.820313 120.0 186.532928 
RTAXI 1332.702148 1187.777344 10.820313 120.0 5.220465 
RTAXI 1512.932251 1064.224243 10.820313 120.0 90.284073 
RTAXI 1561.883911 989.348999 10.820313 120.0 274.844666 
RTAXI 1679.413208 1267.647461 10.812508 120.0 358.903473 
RTAXI 1976.759766 1267.617554 10.820313 120.0 358.903473 
RTAXI 1981.046143 1413.637939 9.257813 120.0 270.129242 
RTAXI 1916.509521 1458.830200 10.820313 120.0 175.178574 
RTAXI 1974.161621 1707.883545 10.820313 120.0 3.365526 
RTAXI 1607.525757 1867.720947 10.820313 120.0 3.365526 
RTAXI 1624.028320 2089.644043 10.671875 120.0 103.433685 
RTAXI 1645.654419 2178.906250 10.820313 120.0 177.693405 
RTAXI 1561.830566 2203.748779 10.820313 120.0 276.100098 
RTAXI 1561.764771 2339.417969 10.820313 120.0 276.100098 
RTAXI 1381.885864 2349.641602 10.820313 120.0 276.100098 
RTAXI 1360.576294 2595.219727 10.812517 120.0 187.139008 
RTAXI 1538.894043 2791.108643 10.812517 120.0 271.260010 
RTAXI 1801.024048 2718.750977 10.820313 120.0 175.654190 
RTAXI 2172.905518 2778.869385 10.820313 120.0 175.654190 
RTAXI 2315.438232 2718.708496 10.820313 120.0 175.654190 
RTAXI 2316.546143 2518.840088 10.820313 120.0 175.654190 
RTAXI 2277.884766 2130.941895 10.820313 120.0 0.489904 
RTAXI 2466.676514 2130.991455 10.820313 120.0 0.489904 
RTAXI 2415.036621 2155.176025 10.820313 120.0 192.876373 
RTAXI 2571.627686 2118.892090 10.820313 120.0 192.876373 
RTAXI 2421.850586 1296.269287 10.820313 120.0 277.016052 
RTAXI 2467.447266 1067.636475 10.820313 120.0 12.310381 
RTAXI 2152.428955 1198.926636 10.820313 120.0 187.420059 
RTAXI 2181.866943 1294.124023 10.820313 120.0 280.093811 
RTAXI 2157.627197 1538.821899 10.820313 120.0 181.273193 
RTAXI 2141.115723 1767.572266 10.820313 120.0 1.830455 
RTAXI 2287.926758 1898.658325 10.820313 120.0 197.037033 
RTAXI 2423.647949 2004.116577 10.820313 120.0 90.347023 
RTAXI 1921.715576 2203.990479 10.820313 120.0 270.185730 
RTAXI 1721.719604 2219.048096 10.820313 120.0 270.185730 
RTAXI 1701.689209 1959.425903 10.820313 120.0 270.185730 
RTAXI 2447.680176 -1937.768311 13.539130 120.0 0.000000 1 
RTAXI 2522.045410 -1772.702271 13.546838 120.0 273.595184 1 
RTAXI 2775.433350 -1961.020386 13.546875 120.0 104.944374 1 
RTAXI 2648.940430 -1627.338989 10.881923 120.0 96.599434 1 
RTAXI 2428.816895 -1250.707031 23.834900 120.0 191.189667 1 
RTAXI 2376.728027 -1210.396484 27.429649 120.0 96.247200 1 
RTAXI 2361.748291 -1518.361450 24.000038 120.0 188.990494 1 
RTAXI 2556.791992 -1468.199585 24.009344 120.0 93.424248 1 
RTAXI 2185.587402 -1014.345093 62.819958 120.0 355.996185 1 
RTAXI 2236.602051 -1144.329346 25.796900 120.0 355.996185 1 
RTAXI 2087.539795 -1917.585205 13.546838 120.0 92.365677 1 
RTAXI 1967.450195 -2095.573486 13.554333 120.0 92.267159 1 
RTAXI 1908.670654 -1926.578491 13.546850 120.0 190.527740 1 
RTAXI -2081.361816 -47.513393 35.275669 120.0 98.932144 1 
RTAXI -2185.803223 314.560333 35.320313 120.0 6.374480 1 
RTAXI -2324.667236 -184.684525 35.320313 120.0 188.719467 1 
RTAXI -2598.560791 60.367428 4.335942 120.0 103.709122 1 
RTAXI -2671.961426 -76.167366 4.335940 120.0 2.328682 1 
RTAXI -2431.029541 416.057831 35.125664 120.0 38.493996 1 
RTAXI -2426.927246 104.448944 35.171902 120.0 271.667847 1 
RTAXI -2496.500488 2336.891846 4.983923 120.0 182.715271 1 
RTAXI -2338.797363 2366.648926 5.543405 120.0 57.751614 1 
RTAXI -104.825066 1092.394165 19.742201 120.0 359.747040 1 
RTAXI -201.470398 1066.830811 19.742212 120.0 281.146332 1 
RTAXI 1047.219604 1367.451782 10.812508 120.0 0.754396 1 
RTAXI 1028.042114 1807.251709 10.820313 120.0 0.000000 1 
RTAXI 1548.285156 2179.006836 10.820313 120.0 184.442886 1 
RTAXI 1659.240723 2267.272217 10.820313 120.0 4.778018 1 
RTAXI 1948.931274 2277.215332 10.820313 120.0 4.778018 1 
RTAXI 2004.015991 2399.011719 10.820313 120.0 178.245834 1 
RTAXI 2498.859131 2130.642578 10.820313 120.0 0.000000 1 
RTAXI 2530.458984 1947.285034 10.820313 120.0 0.000000 1 
RTAXI 2238.179932 2027.672852 10.820313 120.0 191.697006 1 
RTAXI 2433.300781 1743.464844 10.820313 120.0 93.338409 1 
RTAXI 2471.408447 1619.013062 10.820313 120.0 186.708878 1 
RTAXI 2492.136230 1367.444946 10.820313 120.0 10.386268 1 
RTAXI 2601.800293 1231.020386 10.820313 120.0 278.154175 1 
RTAXI 2514.685791 958.772034 10.820313 120.0 183.729126 1 
BDANC 461.615417 -1788.876221 5.546873 100.0 0.0    
BDANC 1126.369263 -1548.739136 22.749037 100.0 173.0
BDANC 1322.494507 -1161.550903 23.828125 100.0 173.0
BDANC 2658.533203 -1643.755737 10.860694 100.0 274.0
BDANC 2304.314453 -1402.599731 23.981951 100.0 99.0 
BDANC -2223.258789 288.498474 35.320301 100.0 184.0 
BDANC -2871.746094 438.783966 4.954433 100.0 89.0   
BDANC -2639.014160 1236.70117 50.935326 100.0 13.0 
BDANC -1523.039795 808.847412 7.187500 100.0 100.0  
BDANC 1450.401978 2267.481934 11.023438 100.0 80.0  
BDANC 1028.485840 1713.860352 10.820313 100.0 69.0  
BDANC 1763.930054 -1098.497925 24.085985 100.0 187.0
BDANC 2799.1042 -2032.9086 13.5547 120.0 0.0
BCHPT 527.0 -1930.0 4.0 220.0
BCHPT 2872.0 -2157.0 4.0 220.0
APCRW 1876.8 -2428.4 20.0 190.0 0
APCRW -1430.6 -109.5 20.0 190.0 1
APCRW 1555.3 1551.8 20.0 190.0 2
AIRPL 1.0 1.0 100.0 5000.0 0
AIRPL 1.0 1.0 100.0 5000.0 1
AIRPL 1.0 1.0 100.0 5000.0 2
AIRPL -77.0 -65.0 30.0 1200.0 3
HELIS 1758.0 -1493.0 80.0 2000.0 0
HELIS -2045.0 635.0 120.0 2000.0 1
HELIS 1882.0 2201.0 100.0 2000.0 2
HELIS -791.0 1801.0 120.0 4000.0 3
HELIS -1439.0 -2190.0 37.0 2000.0 4
GANGM 2776.4 -1618.9579 10.9219 130.0 126.0 5.0
GANGM 2586.9 -1322.9648 40.15 100.0 282.0 2.0
GANGM 2606.1079 -1399.6382 35.4313 100.0 202.6 5.0
GANGM -2440.0417 1037.5153 50.3966 150.0 72.4463 3.0
GANGM 2334.3657 -1947.8529 13.5766 130.0 252.09 2.0
GANGM 2400.7 -1470.9487 23.9517 130.0 79.8043 2.0
GANGM 2393.7285 -1221.4988 26.7575 130.0 17.9205 2.0
GANGM 2422.3008 -1369.8867 24.6199 130.0 98.5812 2.0
GANGM 2497.3394 -1309.3268 34.8606 130.0 101.268 2.0
GANGM 2681.9048 -1330.6863 42.8672 130.0 304.2865 2.0
GANGM 277.1405 -1458.2876 28.1935 130.0 305.7696 2.0
GANGM 2332.2808 -1264.0349 27.9693 130.0 242.4992 2.0
GANGM 2678.281 -1109.2026 69.3422 130.0 131.5548 2.0
GANGM 2512.3181 -1468.3558 24.0178 130.0 108.8145 2.0
GANGM 2104.9512 -1262.2372 23.9953 130.0 265.1459 2.0
GANGM 2539.8691 -1232.2806 43.6562 130.0 2.1235 2.0
GANGM 2337.9639 -1320.3776 24.0991 130.0 150.7782 2.0
GANGM 2167.3132 -1609.5228 14.3505 130.0 354.7369 2.0
GANGM 2114.2124 -1725.0238 13.5516 130.0 236.4757 -2.0 
GANGM 2092.3623 -1194.7506 23.8622 130.0 262.9299 -2.0 
GANGM 820.3493 -1010.8776 27.8295 130.0 342.3139 2.0
GANGM 1208.198 -984.7172 43.4766 130.0 328.8403 2.0
GANGM 1423.0006 -1314.1473 13.5547 130.0 350.2873 2.0
GANGM -2291.0549 170.325 35.3056 130.0 126.4718 2.0
GANGM -2446.791 -85.5493 34.1741 130.0 167.6756 2.0
GANGM -2454.4248 -25.6718 32.8047 130.0 24.011 2.0
GANGM -2126.5164 -39.7141 35.3281 130.0 119.1087 2.0
GANGM -2534.0581 -56.9928 21.2187 130.0 78.2185 2.0
GANGM -2654.7317 -162.2149 4.0815 130.0 350.9778 2.0
GANGM -2310.6919 -27.0576 35.3203 130.0 241.7802 2.0
GANGM -2188.8464 368.9594 35.3203 130.0 94.2456 2.0
GANGM -2060.3855 -44.2837 35.3281 130.0 260.8075 2.0
GANGM -2178.3425 638.0066 49.4375 130.0 246.0808 2.0
GANGM -2207.6921 717.3153 49.4127 130.0 183.4136 2.0
GANGM -2102.2366 657.899 52.3671 130.0 67.7925 2.0
GANGM -2158.4026 657.0683 52.3785 130.0 29.0955 2.0
GANGM -2209.9717 582.2684 35.164 130.0 346.6384 2.0
GANGM -2289.2605 580.7902 35.1671 130.0 71.7092 2.0
GANGM -1981.9678 481.4886 29.0156 130.0 172.9405 2.0
GANGM -2300.2227 1155.9583 53.5469 130.0 171.5311 2.0
GANGM -2179.3777 1228.3368 33.9297 130.0 177.5311 2.0
GANGM -1731.9623 1247.2589 7.5469 130.0 222.4951 2.0
GANGM -1708.4735 1207.7311 25.109 130.0 26.347 2.0
GANGM -1681.5336 1097.8643 54.7032 130.0 190.0652 2.0
GANGM -1630.9395 895.9858 10.3445 130.0 172.5418 2.0
GANGM -1828.9192 641.0576 30.4313 130.0 349.7101 2.0
GANGM 2014.3519 2311.1521 10.8203 130.0 332.1869 2.0
GANGM 1949.8857 2328.6851 10.8203 130.0 249.4895 2.0
GANGM 2508.2766 2291.2607 10.8203 130.0 81.1176 2.0
GANGM 2259.3918 2325.7693 10.8203 130.0 144.8815 2.0
GANGM 2359.7246 691.0657 11.4604 130.0 166.995 2.0
GANGM 2570.04 1147.3519 10.8203 130.0 286.8593 2.0
GANGM -2484.8599 66.4415 25.624 130.0 153.8718 2.0
GANGM -2461.5654 -161.4013 25.78 130.0 274.6628 2.0
GANGM -2707.8394 1331.145 7.0387 160.0 344.6468 2.0
GANGM 1984.2954 -2062.947 13.3728 130.0 243.1363 -3.0 
GANGM 1918.3284 -1884.1332 13.5176 130.0 95.4219 3.0
GANGM 2108.4146 -1937.9558 13.5469 130.0 90.2753 3.0
GANGM 2497.9827 -2026.427 13.5469 130.0 179.1296 3.0
GANGM 2730.0496 -1935.947 13.5394 130.0 268.2505 3.0
GANGM 2860.5461 -2017.6365 10.9346 130.0 356.9258 -3.0 
GANGM 2106.2542 -1367.3185 23.9844 130.0 1.0698 3.0
GANGM 2228.0508 -1351.0767 23.9859 130.0 272.2995 -3.0 
GANGM 2166.1 -1505.9897 23.9272 130.0 170.0912 3.0
GANGM 2396.6536 -1543.2406 24.0 130.0 181.0119 -3.0
GANGM 425.014 -1802.1473 5.5469 130.0 90.8439 -3.0 
GANGM 1132.9683 -1689.4379 13.7074 130.0 90.374 -3.0 
GANGM 2148.8279 -1166.234 23.8204 130.0 89.6637 3.0
GANGM 2205.6541 -1157.1105 25.7372 130.0 89.928 3.0
GANGM 1976.4399 -1692.1233 15.9688 130.0 89.2076 3.0
GANGM 2163.7876 -1792.9114 13.3593 130.0 87.798 3.0
GANGM -2512.6887 359.4404 35.1171 130.0 63.8284 3.0
GANGM -2412.1384 944.9393 45.328 130.0 89.8828 3.0
GANGM -1861.1338 -175.7697 9.2355 130.0 86.9771 3.0
GANGM -2043.0598 1228.3384 31.6484 130.0 265.3985 3.0
GANGM -1638.2946 1296.8357 7.0353 130.0 315.243 3.0
GANGM -1753.3103 88.9361 3.5547 130.0 182.4119 3.0
GANGM -2487.979 2291.3616 4.9844 130.0 91.7009 3.0
GANGM 1539.2728 2258.1467 10.8203 130.0 358.9539 3.0
GANGM 1906.8057 2103.4595 10.8203 130.0 0.9904 3.0
GANGM 2351.7932 1412.1907 10.8281 130.0 270.0362 3.0
GANGM -2052.7463 1143.2521 45.4453 130.0 180.3255 -3.0
GANGM 2809.4668 -1832.0667 9.9214 130.0 267.7805 -5.0 
GANGM 1782.1676 -1692.2816 13.4536 130.0 270.7586 5.0
GANGM 681.2307 -1544.5919 14.8604 130.0 270.6759 -5.0 
GANGM 2594.6536 -1110.6455 67.4768 130.0 137.5316 5.0
GANGM 2468.8547 -1553.973 24.0026 130.0 183.0519 5.0 
GANGM 1977.0724 -1580.5591 13.5945 130.0 37.664 5.0
GANGM 1205.9709 -1112.4998 24.6348 130.0 25.8676 5.0
GANGM -1707.7438 387.5233 7.1872 130.0 31.8294 5.0
GANGM -2636.5232 1341.8943 7.1473 130.0 104.8371 -5.0 
GANGM -2146.8909 -461.7675 35.3359 130.0 134.2913 5.0
GANGM 1595.3566 2251.8757 10.8203 130.0 110.9716 5.0
GANGM 1857.4005 2242.5181 10.8203 130.0 178.6521 5.0
GANGM 1979.2363 2465.6843 10.8204 130.0 87.048 5.0
GANGM 2069.251 2225.5386 10.8203 130.0 358.3504 5.0
GANGM 2392.7966 993.8829 10.8203 130.0 270.0363 5.0
GANGM 2275.168 2062.3293 10.8203 130.0 0.1333 5.0
GANGM 2090.7285 -1576.9371 13.2313 130.0 8.4485 5.0
GANGM -2186.7129 971.7498 80.0 130.0 180.5054 5.0
GANGM 2697.1685 -1112.4136 69.5 100.0 30.0 3.0
BALCO 169.200455 -1769.294556 11.315116 100.0 190.729172 0
BALCO 169.239182 -1758.778198 11.182007 100.0 12.088432 1
BALCO 264.035666 -1766.564888 7.4297777 100.0 179.6985 5
BALCO 491.266602 -1621.443726 38.434177 100.0 11.458365 1
BALCO 462.343628 -1622.862061 42.448521 100.0 3.844308 2
BALCO 513.217285 -1646.466187 34.388184 100.0 243.719925 5
BALCO 313.228058 -1543.901245 47.656605 100.0 252.549942 0
BALCO 331.835907 -1513.383545 44.546791 100.0 202.751633 5
BALCO 335.993333 -1409.224777 32.532222 100.0 201.526672 4
BALCO 462.134949 -1340.176392 24.242201 100.0 33.007015 5
BALCO 494.406006 -1159.990479 71.627335 100.0 203.852829 5
BALCO 1502.458496 -687.002258 99.182434 100.0 190.814850 0
BALCO 972.503174 -865.382263 95.566299 100.0 190.814850 5
BALCO 981.267639 -784.590576 108.737823 100.0 217.680115 5
BALCO 988.874878 -673.700134 125.557640 100.0 29.660200 6
BALCO 587.020996 -1160.674072 53.180122 100.0 211.808578 5
BALCO 316.476624 -1165.250122 85.125000 100.0 248.571335 1
BALCO 255.196350 -1216.479126 79.685905 100.0 228.719406 0
BALCO 249.396072 -1274.429321 78.178085 100.0 38.281380 6
BALCO 289.671906 -1138.333618 85.125000 100.0 38.215969 0
BALCO 894.202271 -1514.258301 18.536179 100.0 185.279160 0
BALCO 814.624084 -1505.468262 18.527981 100.0 349.836914 6
BALCO 784.677002 -1448.063354 19.464544 100.0 273.990326 1
BALCO 1177.819824 -1266.251709 18.943695 100.0 198.770859 0
BALCO 2052.019043 -1290.772095 29.735472 100.0 281.994720 0
BALCO 2043.616577 -1328.321899 33.374107 100.0 170.254150 1
BALCO 2750.560791 -1217.130981 68.293221 100.0 81.440422 6
BALCO 2756.495605 -1182.627930 73.819206 100.0 357.057373 1
BALCO 2805.347412 -1245.673096 53.474728 100.0 170.879883 5
BALCO 2783.159912 -1326.078735 38.953087 100.0 275.058655 7
BALCO 2807.397217 -1350.475830 32.201031 100.0 102.154900 0
BALCO 2852.439941 -1342.882690 17.020348 100.0 272.097076 5
BALCO -2734.914063 -15.607164 7.201044 100.0 0.000000 5
BALCO -2735.718994 -88.285088 10.203278 100.0 16.462322 0
BALCO -2776.756104 182.507401 10.060454 100.0 151.793320 8
BALCO -2677.147217 924.837646 83.171898 100.0 82.472885 5
BALCO -2199.851074 723.656433 70.545227 100.0 0.000000 8
BALCO -2276.800537 931.341797 91.452850 100.0 271.819366 7
BALCO -2079.992432 977.103027 70.374977 100.0 168.510422 6
BALCO -2015.784302 898.056030 55.389023 100.0 275.559662 1
BALCO -1982.781006 1188.746704 57.229027 100.0 175.314392 5
BALCO -1949.603394 1188.874268 67.180725 100.0 184.365936 7
BALCO -1993.272827 1274.013916 14.384890 100.0 14.983143 5
BALCO -2432.620850 815.942078 47.178368 100.0 194.668503 0
BALCO -2476.977051 815.731873 51.404858 100.0 178.578476 1
BALCO 2542.044678 724.611755 14.852466 100.0 0.000000 0
BALCO 2655.106201 739.461121 14.730660 100.0 93.719788 1
BALCO 2520.910400 752.637085 14.762779 100.0 93.719788 1
BALCO 2649.699219 708.566711 14.818074 100.0 187.458542 5
BALCO 2533.351807 1395.988525 14.942122 100.0 282.695496 5
BALCO 2480.761475 1432.906494 14.942121 100.0 189.877625 1
BALCO 2438.747070 1400.437866 15.105192 100.0 80.796581 0
BALCO 2450.964355 1457.819092 14.942121 100.0 0.660051 8
BALCO 2536.069824 1097.350586 16.109364 100.0 98.915367 0
BALCO 2810.279785 2089.837402 13.211911 100.0 80.216125 1
BALCO 2829.520996 2129.292236 14.658484 100.0 184.653015 1
BALCO 2799.429443 2232.741211 14.729236 100.0 274.708191 6
BALCO 2826.669678 2279.986816 14.782658 100.0 17.155565 0
BALCO 1696.033691 1980.895874 13.291219 100.0 275.300873 1
BALCO 1660.033325 1887.937988 13.357173 100.0 182.287888 6
BALCO 1516.189453 1887.855957 13.383547 100.0 184.028961 6
BALCO 1564.311768 1935.431152 13.409560 100.0 184.028961 6
BALCO 1653.508667 1976.225342 13.351007 100.0 184.028961 1
BALCO 1685.620117 1911.582275 13.373497 100.0 3.586596 6
BALCO 1591.512085 1887.767944 13.388381 100.0 193.813217 0
BALCO 1553.876587 1993.470215 14.685781 100.0 274.985474 3
BALCO 1464.664795 2021.833862 14.803264 100.0 194.481613 0
BALCO 1419.336182 2006.540039 14.814374 100.0 272.397919 5
BALCO 1403.091675 1993.691895 14.675982 100.0 88.639938 1
BALCO 1958.256958 2630.223145 13.486533 100.0 12.004083 0
BALCO 1928.879395 2630.148193 13.375131 100.0 22.029142 6
BALCO 1778.925171 2634.493408 13.484282 100.0 99.861443 7
BALCO 1797.775513 2589.494873 13.494884 100.0 19.803371 0
BALCO 1877.587280 2647.206299 13.228474 100.0 189.737610 1
BALCO 1796.287720 2565.697021 13.473831 100.0 179.860947 7
BALCO -1824.91377 540.7522222 150.81255 100.0 300.860947 4
BALCO 1039.221313 -1058.687012 37.514328 100.0 0.000000 7
BALCO 1098.356934 -1021.711060 37.451374 100.0 181.979370 5
BALCO 1238.729126 -1020.829834 36.314724 100.0 181.979370 3
BALCO 1295.272705 -907.459106 46.666206 100.0 181.979370 7
GUARD -2622.7 1413.1808 7.0937 100.0 193.9436 4.0 0
GUARD -2765.3262 378.946 6.3392 100.0 270.0465 6.75 1
GUARD -2001.0995 -1022.2363 32.1719 100.0 0.2122 26.8 1
GUARD -2551.8296 191.1736 6.0469 100.0 103.858 4.1 0
GUARD -1884.37 822.8395 35.1704 100.0 44.9322 5.0 1
GUARD -1967.751 639.1638 46.5625 100.0 0.2329 24.6 1
GUARD -2055.1582 464.5152 35.1719 100.0 303.3032 8.3 1
GUARD 476.1772 -1498.8275 20.481 100.0 261.5775 0 0
GUARD 1248.1842 -1130.927 23.8343 100.0 179.4866 8.6 0
GUARD 1469.0051 -1179.8969 23.8502 100.0 43.5005 6.3 1
GUARD 1569.5345 -1334.8754 16.4844 100.0 314.1911 0 1
GUARD 1550.4052 -1272.3845 17.4062 100.0 129.8018 10.6 1
GUARD 1311.9371 -1368.3252 13.5503 100.0 180.2608 0 1
GUARD 1412.8435 -1698.3531 13.5395 100.0 234.0083 0 1
GUARD 1477.2837 -1772.053 18.7957 100.0 359.8463 7.4 0 1
GUARD 1798.7653 -1575.7301 14.0625 100.0 221.6506 0 0
GUARD 1836.7574 -1677.7225 13.3346 100.0 104.0049 0 0
GUARD 1457.851 2775.0959 10.8203 100.0 275.2781 0 0
GUARD 2245.9839 2524.4678 10.8203 100.0 178.1671 0 0
GUARD 2372.7729 2169.4917 10.8248 100.0 130.4068 0 0
GUARD 2314.2061 2114.2358 10.8281 100.0 0.4192 8.2 0
GUARD 2505.1416 2120.6758 10.8399 100.0 0.2743 0 0
GUARD 2169.1685 2163.5532 10.8203 100.0 149.2891 0 0
GUARD 2238.2451 1282.8827 10.8203 100.0 90.2486 0 1
GUARD 2184.4888 1109.8685 12.6485 100.0 62.9186 8.3 1
GUARD 1474.2183 2249.9526 11.0234 100.0 316.7094 0 0
GUARD 2505.4094 1243.4186 10.8203 100.0 0.0 0 0
GUARD 2423.2837 -1219.7682 25.5225 100.0 180.0 0 0
PATRL 2183.6855 -2308.5764 15.8443 80.0 1
PATRL 1704.5803 -1888.0381 14.6327 80.0 2
PATRL 897.7939 -946.7935 44.9697  80.0 3
PATRL 988.5548 -673.5109 122.8915 80.0 4
PATRL 1477.5994 -701.5906 96.0735 140.0 5
PATRL 301.7142 -1109.5839 86.2424 110.0 6
PATRL 184.8684 -1339.6755 66.573 80.0 7
PATRL 923.971 -1232.9097 20.4669 110.0 8
PATRL -486.743 -548.5386 22.6248 140.0 9
PATRL -1048.0677 -574.321 33.6933 140.0 10
PATRL -1052.3049 -670.4463 34.5131 140.0 11
PATRL -2134.1116 -868.2222 34.0645 140.0 12
PATRL -1955.8568 -790.1295 33.571 140.0 13
PATRL -1962.3435 -918.863 31.8849 140.0 14
PATRL -2467.9377 473.7928 28.4361 140.0 15
PATRL -2449.6782 569.4174 22.3216 140.0 16
PATRL -1890.0306 1024.2069 46.8943 110.0 17
PATRL 230.0332 1410.772 11.6878 140.0 18
PATRL 208.5765 1435.994 12.8232 140.0 19
PATRL 1364.3395 1134.3558 11.0767 140.0 20
PATRL 1423.1399 1045.3896 11.3009 140.0 21
PATRL 1685.6221 958.7127 11.3441 140.0 22
PATRL 1343.7913 1584.6995 11.3488 140.0 23
PATRL 1406.8296 2054.3687 12.3372 140.0 24
PATRL 1123.8848 1915.5424 11.8472 140.0 25
PATRL 982.3502 2113.9788 12.0173 80.0 26
PATRL 1463.1995 2367.9932 11.1028 110.0 27
PATRL 2333.6309 2755.9119 12.3253 110.0 28
PATRL -2617.5789 -266.1334 12.4578 140.0 29
PATRL 1662.0253 725.2427 12.2191 110.0 30
CHFFR 547.1249 -1473.8879 14.7649 140.0 2.0 1
CHFFR 610.3292 -1450.0389 14.2561 140.0 179.0 0
CHFFR 1026.2999 -980.8042 42.7231 140.0 276.0 0
CHFFR 1556.4426 -1793.5111 13.5469 140.0 179.0 0
CHFFR 2817.071 -1087.2397 30.7417 140.0 180.0 1
CHFFR -2792.5444 -337.7732 7.1821 140.0 272.0 1
CHFFR -2413.6082 330.335 34.9755 140.0 153.0 1
CHFFR -2455.8467 138.8454 34.9609 140.0 225.0 1
CHFFR 2125.6604 2356.6091 10.6719 140.0 91.0 1
CHFFR 2034.2504 1911.9141 12.1783 140.0 180.0 1
CHFFR 2196.3142 1286.217 10.8203 140.0 1.0 1
CHFFR 2039.4633 1163.7793 10.6719 140.0 177.0 1
OFFRD -2462.0 -1741.0 440.0 250.0 0
OFFRD -2794.0 -1719.0 140.0 200.0 1
OFFRD -2572.0 -1857.0 260.0 200.0 2
OFFRD -701.4 -2095.0 30.1 300.0 3
OFFRD -330.8 -1147.7 45.0 250.0 4
OFFRD -1445.5 -1089.3 140.0 250.0 5
OFFRD 888.562 212.0813 33.2 300.0 6
OFFRD 2611.9 -584.8 86.1 300.0 7
OFFRD -987.4 1534.9 33.2 300.0 8
GRPMT -2557.4902 -1104.8663 175.5799 160.0 0
GRPMT -2405.2354 -1955.0614 303.4655 160.0 1
GRPMT -2374.1809 -2186.4478 33.4127 160.0 1
GRPMT -2378.0676 -1389.3828 359.3215 160.0 0
GRPMT -1725.5033 2435.3923 69.045 160.0 1
GRPMT -1970.882 2268.9092 18.1278 160.0 1
GRPMT 2029.2623 -526.4877 78.7758 160.0 2
GRPMT -1294.6794 -2183.0046 20.9078 180.0 2
GRPMT -669.5978 -824.5604 98.3726 120.0 0
End

# [script name] [x] [y] [z] [radius] [area id] [optional args]

IN
IGANB 502.0 -75.0 998.0 50.0 11
IALHA 491.0 -14.0 1000.0 50.0 17
ISFSC -2034.0 -115.0 1035.0 50.0 3
ISWEP 376.719666 -132.407852 1001.492188 40.0 5 335.9
ISWEP 376.184784 -7.907923 1001.851563 40.0 9 0.0
ISWEP 363.446716 -58.140099 1001.507813 40.0 10 75.4
ISWEP 205.475967 -4.698980 1005.210938 40.0 5 29.0
ISWEP -28.483370 -11.197046 1003.557251 40.0 4 340.1
ISWEP -15.915634 -86.431473 1003.546875 40.0 18 259.8
ISWEP -20.079691 -55.684719 1003.546875 40.0 6 353.2
IFOOD 374.8544 -126.2649 1001.4995 30.0 5 1
IFOOD 368.789 -6.857 1001.8516 30.0 9 2
IFOOD 368.5266 -70.3181 1001.5078 40.0 10 3
End

# [script name] [model name] [chances]

OBJ
TABL1 kb_chr_tbl_test 30
TABL1 parktable1 30
TABL1 dyn_table_2 30
LOUG1 lounger 40
LOUG1 lounge_towel_up 70
LOUG1 lounge_wood_up 70
LOUG1 lounge_wood_dn 70
BENCH Stonebench1 30
BENCH parkbench1 30
BENCH CJ_BLOCKER_BENCH 40
BENCH airseata_LAS 25
STAL1 marketstall01_SFXRF
STAL1 marketstall02_SFXRF
STAL1 marketstall03_SFXRF
STAL1 marketstall04_SFXRF
STAL1 CJ_NOODLE_3
PHONE phonebooth1 70
PHONE CJ_PHONE_KIOSK 70
TELSC CJ_VIEW_TELE2 70
BUYFD chillidogcart
BUYFD icescart_prop
BUYFD noodlecart_prop
BUYFD CJ_CANDYVENDOR
BUYFD vendmach
BUYFD CJ_EXT_SPRUNK
BUYFD CJ_SPRUNK1
BUYFD VENDIN3
BUYFD CJ_EXT_CANDY
End

# [script name] [condition OR] [condition AND] [chances]
#
# Condition OR flags:
# 0x1        COP
# 0x2        MEDIC
# 0x4        FIREMAN
# 0x8        GANG
# 0x10       STREET_GUY
# 0x20       SUIT_GUY
# 0x40       SENSIBLE_GUY
# 0x80       GEEK_GUY
# 0x100      OLD_GUY
# 0x200      TOUGH_GUY
# 0x400      STREET_GIRL
# 0x800      SUIT_GIRL
# 0x1000     SENSIBLE_GIRL
# 0x2000     GEEK_GIRL
# 0x4000     OLD_GIRL
# 0x8000     TOUGH_GIRL
# 0x10000    TRAMP_MALE
# 0x20000    TRAMP_FEMALE
# 0x40000    TOURIST
# 0x80000    PROSTITUTE
# 0x100000   CRIMINAL
# 0x200000   BUSKER
# 0x400000   TAXIDRIVER
# 0x800000   PSYCHO
# 0x1000000  STEWARD
# 0x2000000  SPORTSFAN
# 0x4000000  SHOPPER
# 0x8000000  OLDSHOPPER
# 0x10000000 BEACH_GUY
# 0x20000000 BEACH_GIRL
# 0x40000000 SKATER
# 0x80000000 COWARD
#
# Condition AND flags:
# 0x1  NOT_RAIN
# 0x2  NOT_WANTED_2
# 0x4  NOT_WANTED_4
# 0x8  NOT_WANTED_6
# 0x10 NOT_DAY
# 0x20 NOT_NIGHT
# 0x40 NOT_DIRT
# 0x80 ONLY_RAIN

PED
BEGA1 0x30000 0x8 80
LEAN1 0x821FB6D8 0x8 30
UMBRL 0xBE0CFFF0 0x80 10000
End

# [script name] [condition OR] [condition AND] [chances]
#
# Condition OR flags:
# 0x1      BUSINESS
# 0x2      DESERT
# 0x4      ENTERTAINMENT
# 0x8      COUNTRYSIDE
# 0x10     RESIDENTIAL_RICH
# 0x20     RESIDENTIAL_AVERAGE
# 0x40     RESIDENTIAL_POOR
# 0x80     GANGLAND
# 0x100    BEACH
# 0x200    SHOPPING
# 0x400    PARK
# 0x800    INDUSTRY
# 0x1000   ENTERTAINMENT_BUSY
# 0x2000   SHOPPING_BUSY
# 0x4000   SHOPPING_POSH
# 0x8000   RESIDENTIAL_RICH_SECLUDED
# 0x10000  AIRPORT
# 0x20000  GOLF_CLUB
# 0x40000  OUT_OF_TOWN_FACTORY
# 0x80000  AIRPORT_RUNWAY
#
# Condition AND flags:
# 0x1  NOT_RAIN
# 0x2  NOT_WANTED_2
# 0x4  NOT_WANTED_4
# 0x8  NOT_WANTED_6
# 0x10 NOT_DAY
# 0x20 NOT_NIGHT
# 0x40 NOT_DIRT

NODE
CHAT1 0x0 0x8 7
SWEEP 0x5FF15 0x41 3
End
